#ID			RA			DEC			redshift
1237650762394959890	190.054950883338	-2.01000847612321	0.081
1237651250964004981	195.00028628591	64.5729685182275	0.102
1237651252018151484	120.517765768283	44.0109329086476	0.075
1237651252024377492	134.59158896637	54.9682611731476	0.089
1237651273510289469	179.548274034281	68.0022308749985	0.118
1237652600110383327	340.507241478441	-8.77432849153568	0.166
1237652900234133595	52.7819278813865	-6.98113390469459	0.2
1237652946379604015	3.34116816142335	-10.8769709247739	0.166
1237653441374453924	351.012439538894	-9.89496387894058	0.069
1237654031400566817	167.523321119677	3.47670876643566	0.04
1237654382516240489	141.850391342111	54.6447528566163	0.125
1237654880736968887	214.892986381976	4.6400322648159	0.098
1237655106765521018	177.006539444157	58.6303734476766	0.114
1237655369279733929	148.636460045463	56.556816148957	0.073
1237655465384214778	208.587749054334	60.8964333421045	0.074
1237655465920364786	205.582704729932	61.8095064153333	0.098
1237655495979106559	202.399961755212	-1.53610047491721	0.091
1237655692474515647	216.178387816757	-1.99162364591009	0.175
1237656239009104192	325.82930977714	0.995364247966565	0.134
1237656567582294307	328.782734470509	-0.770305070782684	0.027
1237667253455356213	127.404262036098	16.6985979984327	0.09
1237656567585833094	336.837758116152	-0.678095368887693	0.057
1237656906354393114	358.455203994544	-0.97445991353002	0.023
1237657189817516083	328.089652048684	-0.888291991580135	0.139
1237657221485625353	159.18331212057	54.7969513932789	0.046
1237657609104982532	116.988292144597	31.8301547741104	0.153
1237657612874940605	172.042433771343	57.5852977942022	0.07
1237657628432531602	120.569444916328	28.4459448438121	0.078
1237657857148911724	188.0461031399	        52.6979568003322	0.06
1237658300056338796	125.050318859645	4.3715061423962	0.139
1237658424090493080	159.428543211596	7.08811992930352	0.072
1237658611440222364	157.241232891286	45.3643443352421	0.144
1237658918533005504	197.244452074138	55.0808036726548	0.113
1237659119862939753	224.876383453169	47.7622057277864	0.144
1237659119864774675	229.89821893345	45.3870466727228	0.099
1237659132206448648	209.086859690681	52.4296282179256	0.11
1237660240313385134	49.3942986404692	-0.263339202510415	0.142
1237660240313712760	50.1384089147854	-0.33995669453633	0.038
1237660241385029806	44.5246048537541	0.43626295884531	0.074
1237660669282812044	159.158417948497	10.6144038424996	0.115
1237660963472932915	129.574801491995	30.9169613387387	0.048
1237661086415585604	117.048585190449	18.5539345905544	0.047
1237661137963254106	163.003172258238	40.1913541552897	0.129
1237661151377424586	192.125816436128	49.9365736770114	0.104
1237661352706179107	180.188439982033	57.1338124619171	0.082
1237661382778093715	161.074075186722	39.702845006829	0.069
1237661418748444829	210.236377089427	55.9341679033767	0.107
1237661812274233471	183.594221225078	12.0916564798959	0.064
1237661813348106331	183.810076691492	13.1012527085444	0.123
1237661850411204729	229.76884255009	34.6539346537719	0.076
1237661871330361452	186.674953350597	43.7823171736868	0.112
1237661957762842806	217.764070174471	46.7991729860475	0.133
1237661966886633584	164.913039091069	40.3517806080468	0.131
1237661971721945220	183.897274588526	7.69396819247487	0.073
1237662193453760669	188.017160646806	41.5589968946895	0.171
1237662194541002843	226.382650100637	34.4646334155599	0.073
1237662198280552769	220.698895501327	9.40894304129484	0.172
1237662225666932750	152.793579818714	35.8770147241871	0.099
1237662335178178801	231.956496109031	35.2556442944778	0.065
1237662336792920258	241.943386146779	30.8726223822526	0.069
1237662474231021741	243.438476235074	31.9810061074863	0.117
1237662498390737019	227.156972276282	42.6343553934108	0.154
1237662200436752504	240.815920108446	8.13239047462177	0.105
1237662640123609565	246.687970101581	24.1490279455894	0.059
1237663463145537628	353.85696355584	1.05907988757145	0.084
1237663543683318057	331.080146976771	0.347799070182385	0.084
1237663782589432032	6.12355066434194	-1.07746120578671	0.139
1237663783122370706	357.024354090152	-0.822671925243583	0.186
1237663783131283514	17.4259083173447	-0.738184046278728	0.089
1237663783136985126	30.426611213419	-0.805415650622074	0.12
1237663783674183846	31.1764447193884	-0.297037702694971	0.112
1237663784195653787	356.0723380381	        0.000210258261609836   0.079
1237663784200831188	7.89954398277508	0.16712404431451	0.073
1237663784739995886	13.0621347344086	0.583007911131203	0.115
1237664291548823599	208.106805287843	14.4886901785273	0.041
1237664667352039631	132.825868969778	26.0537496176627	0.084
1237664817676484746	181.989755445873	36.4251868287491	0.215
1237664871900577858	150.574993983337	32.7744881879962	0.049
1237664877803077714	144.214581285077	29.1219097964213	0.116
1237664877807927453	156.379053022856	32.8750416011726	0.206
1237665103283814519	212.20029448023	32.6627076340809	0.075
1237665129610936526	166.174498649075	34.5213845736121	0.154
1237665328779100316	186.256693507986	31.3971662878549	0.154
1237665330927435873	188.623245080549	32.8937311651775	0.088
1237665331455459378	164.677377422707	31.749932644818	0.072
1237665331457425465	169.834339404989	32.5397702584789	0.128
1237665428091240506	198.671437454927	28.7279731763973	0.14
1237665429713780966	228.606568271597	23.3640406240636	0.088
1237665440439336990	187.768427239766	28.8527082289992	0.065
1237665531723579489	241.089647258094	16.0680261269017	0.132
1237665566082269200	242.346003439112	13.9059857126104	0.094
1237666185634447638	335.222893124279	13.4444743231425	0.121
1237666301627924604	47.0779235277383	0.78722751050444	0.156
1237666407381598382	29.5673102053252	-0.522518985677306	0.08
1237667109574279383	126.096860827979	19.2120136379193	0.201
1237667209974710300	140.524908646884	21.1873085202001	0.078
1237667212115050866	124.09376450374	16.2076893767922	0.172
1237667212136284360	175.074075183034	30.1003258957312	0.138
1237667253453324693	123.099749058837	14.6539025945962	0.141
1237667254546006103	167.39217040408	29.0449619402631	0.145
1237667323250213040	167.531713431149	26.5087874200207	0.038
1237667323796127885	190.902625141293	27.8919268177324	0.083
1237667442437914759	194.548386883277	26.639849173015	0.079
1237667549268148435	157.190230258531	21.530493550234	0.118
1237667733989949671	228.095943296982	15.8487469752294	0.09
1237667734526886197	228.318284892469	16.1291969030288	0.119
1237667736133828618	220.006024102147	19.5505951755392	0.096
1237667781774934219	218.640667266663	18.2403193169697	0.102
1237667783883817113	126.290630056986	13.1132403404616	0.148
1237667783929299179	235.092819111087	15.9647294724796	0.051
1237667910069190795	216.527697154211	20.4754296581899	0.077
1237667916494012508	184.730233516709	20.8127046412802	0.066
1237668271362211975	203.816370887379	18.4324917338208	0.088
1237668298204446938	185.891665013262	20.0768179638812	0.119
1237668589722534078	183.793924635536	17.1118032246767	0.153
1237668623551103255	189.30095357229	16.8503905419742	0.216
1237668672938115205	154.680625774684	62.7895296215526	0.136
1237670964313456852	144.118206019972	14.705884688093	0.076
1237670965383266430	134.972230955415	13.1820542603569	0.031
1237671931208925416	163.705460866096	9.18449316559562	0.073
1237673807580693064	120.279028278922	17.979249476617	0.144
1237673808116122327	116.94799473286	17.0712555388254	0.1
1237674649921061067	162.605642606865	-0.336449560897028	0.096
1237657587096289353	37.0404509610825	0.799083301918103	0.025
1237666210341978625	318.199239715478	-1.04510143994479	0.06
1237662335180341316	236.849894288787	32.4829146025562	0.064
1237659327092752463	221.094231168185	55.8356244435788	0.149
1237667915957665832	186.06501619224	20.2895312844312	0.065
1237668588651282620	189.759443358889	16.3068645171496	0.074
1237671262267506768	122.080912955182	9.01388223208865	0.052
1237666227490586650	253.048262055369	28.5686141802157	0.103
1237666228063371544	329.710714558019	-7.6608693163715	0.1
1237667252917895553	126.454348684688	15.7634626896442	0.153
1237664667360755820	153.68695088552	34.6966274685347	0.152
1237660240314433647	51.7863256210217	-0.289582428787017	0.156
1237655502962688659	258.289331597858	31.5820374631369	0.03
1237655465916104829	184.374185887965	63.517235563054	0.132
1237653616938516591	180.527135082801	61.5993860992313	0.099
1237652600635851575	314.415028433688	-5.65129374376037	0.175
1237651250968461337	216.328009748232	61.2882740501943	0.223
1237648721245503520	213.697809020985	-0.00311817411527715	0.047
1237648722312888376	199.255908182382	0.752694612477669	0.138
1237654382514471111	136.810195659864	52.0620557517023	0.06
1237657191979286606	0.704454600605004	0.751343110003926	0.087
1237659326018355482	218.234788675768	55.8022304131724	0.105
1237661465992626516	249.516777514627	26.7247516892039	0.063
1237661812275347597	186.188222767429	12.1723776462316	0.091
1237661813885436021	184.931712333243	13.4515133016597	0.065
1237662224058089529	157.96418742199	35.9624722128104	0.087
1237663542609117199	329.94712485627	-0.445638953714761	0.128
1237657192517926989	4.78107221676737	1.16139540753365	0.105
1237661064950710579	144.079690496305	9.32681371514179	0.126
1237663275777392799	353.342324872523	-1.13884803473631	0.094
1237663542608920721	329.477702119664	-0.544956942308418	0.144
1237663783126237343	5.90952581848317	-0.79071633143941	0.063
1237665564997714246	217.526709428389	20.5941576317881	0.26
1237668299280089194	190.549314475574	20.8848502960701	0.063
1237667736133107729	218.272154230288	19.7895305422399	0.102
1237666301093675376	53.0550341070094	0.26298404594768	0.086
